map: building_4_sector_3
pose: [5.7840076113211163, 5.5022589456419233, -178.45439118017541]
update_conditions:
  - distance: 0.5
    angle: 10
    last_move_elapse: 3