map: building_4_sector_3
pose: [34.006456264331533, 20.471632461858508, 93.067580804338519]
update_conditions:
  - distance: 0.5
    angle: 10
    last_move_elapse: 3