map: building_4_sector_3
pose: [22.378871650055952, 14.503985918258159, -178.55249717978464]
update_conditions:
  - distance: 0.5
    angle: 10
    last_move_elapse: 3