map: building_4_sector_3
pose: [23.018129988198705, 23.004221295711513, -177.10661819004707]
update_conditions:
  - distance: 0.5
    angle: 10
    last_move_elapse: 3