map: building_4_sector_3
pose: [6.5000862752862414, 8.7688805798332794, 90.006843225997613]
update_conditions:
  - distance: 0.5
    angle: 10
    last_move_elapse: 3