map: building_4_sector_3
pose: [4.4383984700549775, 13.2583136607561, 136.05646643952753]
update_conditions:
  - distance: 0.5
    angle: 10
    last_move_elapse: 3