map: building_4_sector_3
pose: [16.418090901574761, 15.962922472851124, -179.38330721281784]
update_conditions:
  - distance: 0.5
    angle: 10
    last_move_elapse: 3