map: building_4_sector_3
pose: [8.9799847610280974, 11.500012375710885, -179.99958494819955]
update_conditions:
  - distance: 0.5
    angle: 10
    last_move_elapse: 3