map: building_4_sector_3
pose: [28.425480049273666, 11.513950559959586, -179.30925748274785]
update_conditions:
  - distance: 0.5
    angle: 10
    last_move_elapse: 3