map: building_4_sector_3
pose: [5.6722301403922994, 8.5003243952024548, -179.11894406499911]
update_conditions:
  - distance: 0.5
    angle: 10
    last_move_elapse: 3