map: building_4_sector_3
pose: [29.493456170000872, 1.3193854566790639, -90.581848807720419]
update_conditions:
  - distance: 0.5
    angle: 10
    last_move_elapse: 3