map: building_4_sector_3
pose: [6.9968296313856175, 17.60077350801436, 85.391198880086449]
update_conditions:
  - distance: 0.5
    angle: 10
    last_move_elapse: 3