map: building_4_sector_3
pose: [22.148962745447246, 18.999977285501533, 179.99314697688266]
update_conditions:
  - distance: 0.5
    angle: 10
    last_move_elapse: 3