map: building_4_sector_3
pose: [23.169373480083447, 10.006381009099895, -0.8342640236109008]
update_conditions:
  - distance: 0.5
    angle: 10
    last_move_elapse: 3