map: building_4_sector_3
pose: [17.497361666762259, 1.0529602980396817, -89.946891381095398]
update_conditions:
  - distance: 0.5
    angle: 10
    last_move_elapse: 3