map: building_4_sector_3
pose: [1.98701492135278, 18.5929139479658, 89.2800007260302]
update_conditions:
  - distance: 0.5
    angle: 10
    last_move_elapse: 3