map: building_4_sector_3
pose: [12.990887817034187, 14.976704459543816, -88.115448912888141]
update_conditions:
  - distance: 0.5
    angle: 10
    last_move_elapse: 3