map: building_4_sector_3
pose: [11.488190857711601, 7.1341701992039184, -87.088028588805685]
update_conditions:
  - distance: 0.5
    angle: 10
    last_move_elapse: 3