map: building_4_sector_3
pose: [22.139172894100412, 20.498984511783934, -179.73383404944801]
update_conditions:
  - distance: 0.5
    angle: 10
    last_move_elapse: 3