map: building_4_sector_3
pose: [29.514191116307657, 14.883872076542874, -88.118846260258337]
update_conditions:
  - distance: 0.5
    angle: 10
    last_move_elapse: 3