map: building_4_sector_3
pose: [25.500101098957526, 15.052583397145169, 90.124182140718119]
update_conditions:
  - distance: 0.5
    angle: 10
    last_move_elapse: 3