map: building_4_sector_3
pose: [32.823618229836185, 24.000352081740488, -0.11274915779886746]
update_conditions:
  - distance: 0.5
    angle: 10
    last_move_elapse: 3