map: building_4_sector_3
pose: [4.0367731654154122, 10.491494971371596, -176.74069595269239]
update_conditions:
  - distance: 0.5
    angle: 10
    last_move_elapse: 3