map: building_4_sector_3
pose: [22.160144631074374, 18.998929445461755, -179.61860953011811]
update_conditions:
  - distance: 0.5
    angle: 10
    last_move_elapse: 3