map: building_4_sector_3
pose: [12.98406037331349, 18.523635105055806, 89.887867878709599]
update_conditions:
  - distance: 0.5
    angle: 10
    last_move_elapse: 3