map: building_4_sector_3
pose: [5.8074447591773701, 4.0027632645637956, -178.37589014967821]
update_conditions:
  - distance: 0.5
    angle: 10
    last_move_elapse: 3