map: building_4_sector_3
pose: [22.87882970777543, 15.25211538919456, 89.58345921358502]
update_conditions:
  - distance: 0.5
    angle: 10
    last_move_elapse: 3