map: building_4_sector_3
pose: [13.500000196064631, 8.2205786614317855, -89.999914711387135]
update_conditions:
  - distance: 0.5
    angle: 10
    last_move_elapse: 3