map: building_4_sector_3
pose: [10.02525487557631, 9.4999375908279369, 179.87732612454766]
update_conditions:
  - distance: 0.5
    angle: 10
    last_move_elapse: 3