map: building_4_sector_3
pose: [31.928132267215897, 24.00104125509095, 0.076731751202483156]
update_conditions:
  - distance: 0.5
    angle: 10
    last_move_elapse: 3