map: building_4_sector_3
pose: [23.01621627911574, 12.50002032739884, -179.9926010503513]
update_conditions:
  - distance: 0.5
    angle: 10
    last_move_elapse: 3