map: building_4_sector_3
pose: [10.43054634524188, 6.498810206448936, 179.8843375895052]
update_conditions:
  - distance: 0.5
    angle: 10
    last_move_elapse: 3