map: building_4_sector_3
pose: [18.24151095822516, 12.49971567168848, 0.05035508104470729]
update_conditions:
  - distance: 0.5
    angle: 10
    last_move_elapse: 3