map: building_4_sector_3
pose: [26.413335917213882, 6.9234234367634393, -114.40398785016811]
update_conditions:
  - distance: 0.5
    angle: 10
    last_move_elapse: 3