map: building_4_sector_3
pose: [19.324709835559954, 6.9523642493273261, -115.24861611260668]
update_conditions:
  - distance: 0.5
    angle: 10
    last_move_elapse: 3