map: building_4_sector_3
pose: [22.87770606521629, 15.35715267740802, 88.07334290061766]
update_conditions:
  - distance: 0.5
    angle: 10
    last_move_elapse: 3