map: building_4_sector_3
pose: [2.368125, 2.070224, 21.59999321441642]
update_conditions:
  - distance: 0.5
    angle: 10
    last_move_elapse: 3