map: building_4_sector_3
pose: [28.501265175234558, 23.369363639139152, -89.757584026046061]
update_conditions:
  - distance: 0.5
    angle: 10
    last_move_elapse: 3