map: building_4_sector_3
pose: [24.807787271292785, 15.166949366424152, 89.421301622031478]
update_conditions:
  - distance: 0.5
    angle: 10
    last_move_elapse: 3