map: building_4_sector_3
pose: [13.481588683454648, 13.6907328331925, -77.253874010210438]
update_conditions:
  - distance: 0.5
    angle: 10
    last_move_elapse: 3