map: building_4_sector_3
pose: [32.012481004566823, 23.319923410907087, -90.721649367458866]
update_conditions:
  - distance: 0.5
    angle: 10
    last_move_elapse: 3