map: building_4_sector_3
pose: [5.902233752745059, 14.999945929958633, -1.4797938142437843]
update_conditions:
  - distance: 0.5
    angle: 10
    last_move_elapse: 3