map: building_4_sector_3
pose: [5.9192652380024375, 14.999530292523586, -1.5064664588559811]
update_conditions:
  - distance: 0.5
    angle: 10
    last_move_elapse: 3