map: building_4_sector_3
pose: [5.7444661070057901, 15.007252325005346, -4.7923920673856237]
update_conditions:
  - distance: 0.5
    angle: 10
    last_move_elapse: 3