map: building_4_sector_3
pose: [4.387072664236701, 15.50330513224968, -175.1657459554472]
update_conditions:
  - distance: 0.5
    angle: 10
    last_move_elapse: 3