map: building_4_sector_3
pose: [2.9893697643480923, 5.0126376179338603, 179.47378540039062]
update_conditions:
  - distance: 0.5
    angle: 10
    last_move_elapse: 3