map: building_4_sector_3
pose: [1.084875586104606, 8.499629335686008, -179.4429041054919]
update_conditions:
  - distance: 0.5
    angle: 10
    last_move_elapse: 3