map: building_4_sector_3
pose: [5.8368564440842556, 15.001883614509925, -1.9767702200192523]
update_conditions:
  - distance: 0.5
    angle: 10
    last_move_elapse: 3