map: building_4_sector_3
pose: [2.6323531320957754, 15.001786796637928, 5.7957915636698027]
update_conditions:
  - distance: 0.5
    angle: 10
    last_move_elapse: 3