map: building_4_sector_3
pose: [1.7468327762463556, 7.5232283457651565, 177.32288223208371]
update_conditions:
  - distance: 0.5
    angle: 10
    last_move_elapse: 3