map: building_4_sector_3
pose: [4.3956791906683188, 10.581651390096933, -163.18767152059013]
update_conditions:
  - distance: 0.5
    angle: 10
    last_move_elapse: 3