map: building_4_sector_3
pose: [22.223618664856179, 15.991466244889713, -179.62265863713574]
update_conditions:
  - distance: 0.5
    angle: 10
    last_move_elapse: 3