map: building_4_sector_3
pose: [7.0011268377960008, 20.474435288778373, -90.765020135839791]
update_conditions:
  - distance: 0.5
    angle: 10
    last_move_elapse: 3