map: building_4_sector_3
pose: [11.974829420271535, 4.2540662871488122, 90.346017408330624]
update_conditions:
  - distance: 0.5
    angle: 10
    last_move_elapse: 3