map: building_4_sector_3
pose: [5.2998035371118988, 13.024458100313254, -89.895168928635073]
update_conditions:
  - distance: 0.5
    angle: 10
    last_move_elapse: 3