map: building_4_sector_3
pose: [2.2033417738335248, 6.493737062394354, 179.81792469381242]
update_conditions:
  - distance: 0.5
    angle: 10
    last_move_elapse: 3