map: building_4_sector_3
pose: [3.0199717814929916, 6.9092209776016906, -89.990337238955703]
update_conditions:
  - distance: 0.5
    angle: 10
    last_move_elapse: 3