map: building_4_sector_3
pose: [3.0203816408138104, 7.9125596844343047, -90.145471657308178]
update_conditions:
  - distance: 0.5
    angle: 10
    last_move_elapse: 3