map: building_4_sector_3
pose: [5.5219730880443798, 8.4986187493715217, -179.35772738411532]
update_conditions:
  - distance: 0.5
    angle: 10
    last_move_elapse: 3