map: building_4_sector_3
pose: [2.5600002642256059, 5.0277826004083073, 90.000037872921268]
update_conditions:
  - distance: 0.5
    angle: 10
    last_move_elapse: 3