map: building_4_sector_3
pose: [13.774249407087275, 16.002930044484188, 179.76379781359682]
update_conditions:
  - distance: 0.5
    angle: 10
    last_move_elapse: 3