map: building_4_sector_3
pose: [21.529208206688981, 10.013809063300865, 0.76982344086636889]
update_conditions:
  - distance: 0.5
    angle: 10
    last_move_elapse: 3