map: building_4_sector_3
pose: [11.498757631729301, 14.700856943940304, -88.921100684057862]
update_conditions:
  - distance: 0.5
    angle: 10
    last_move_elapse: 3