map: building_4_sector_3
pose: [14.517587260460607, 10.997518426242703, 1.5482008334886408]
update_conditions:
  - distance: 0.5
    angle: 10
    last_move_elapse: 3