map: building_4_sector_3
pose: [17.492533363598774, 14.513153138666766, -89.854099956635906]
update_conditions:
  - distance: 0.5
    angle: 10
    last_move_elapse: 3