map: building_4_sector_3
pose: [1.5027861991305373, 5.4900419399499496, 177.83005838964991]
update_conditions:
  - distance: 0.5
    angle: 10
    last_move_elapse: 3