map: building_4_sector_3
pose: [1.4998982447189, 5.515645440259936, -90.03184478125611]
update_conditions:
  - distance: 0.5
    angle: 10
    last_move_elapse: 3