map: building_4_sector_3
pose: [35.057174883203409, 16.0080178595985, -2.0596124077038209]
update_conditions:
  - distance: 0.5
    angle: 10
    last_move_elapse: 3