map: building_4_sector_3
pose: [3.5037886475931921, 10.486496454009893, 178.59880025171518]
update_conditions:
  - distance: 0.5
    angle: 10
    last_move_elapse: 3