map: building_4_sector_3
pose: [2.6841759640380367, 9.0483303196020959, 164.70378645955432]
update_conditions:
  - distance: 0.5
    angle: 10
    last_move_elapse: 3