map: building_4_sector_3
pose: [2.9241778084872454, 9.0009137639031191, 171.71326259826262]
update_conditions:
  - distance: 0.5
    angle: 10
    last_move_elapse: 3