map: building_4_sector_3
pose: [24.806784688531941, 14.981760676781871, 90.073381028066805]
update_conditions:
  - distance: 0.5
    angle: 10
    last_move_elapse: 3