map: building_4_sector_3
pose: [13.50000360306074, 10.019693667286578, -90.006122051607448]
update_conditions:
  - distance: 0.5
    angle: 10
    last_move_elapse: 3