map: building_4_sector_3
pose: [25.500060283735458, 15.074460481356663, 90.112799736007574]
update_conditions:
  - distance: 0.5
    angle: 10
    last_move_elapse: 3