map: building_4_sector_3
pose: [4.4836711873406578, 10.562976185245443, -164.30653681240102]
update_conditions:
  - distance: 0.5
    angle: 10
    last_move_elapse: 3