map: building_4_sector_3
pose: [5.3006791812996878, 7.2143744745466609, -90.255301841161213]
update_conditions:
  - distance: 0.5
    angle: 10
    last_move_elapse: 3