map: building_4_sector_3
pose: [5.7426767023626484, 15.003439966134444, -2.9935501092058807]
update_conditions:
  - distance: 0.5
    angle: 10
    last_move_elapse: 3