map: building_4_sector_3
pose: [2.247013433075625, 7.499840622551545, 177.3228822320837]
update_conditions:
  - distance: 0.5
    angle: 10
    last_move_elapse: 3