map: building_4_sector_3
pose: [5.7238616912153688, 2.4999725360962368, 179.99449906182699]
update_conditions:
  - distance: 0.5
    angle: 10
    last_move_elapse: 3